1 116 249 239 416 0.951172 2 
2 115 251 239 417 0.943848 2 
2 538 594 640 639 0.421143 0 
3 115 252 240 417 0.942871 2 
4 124 254 247 415 0.942871 2 
5 124 252 248 417 0.947754 2 
5 620 483 639 640 0.376953 0 
6 124 254 248 419 0.945312 2 
7 124 255 248 416 0.945312 2 
8 124 254 248 418 0.946289 2 
9 125 255 250 418 0.946289 2 
10 125 257 250 419 0.947266 2 
11 125 258 251 419 0.945801 2 
12 125 257 250 420 0.945801 2 
13 127 257 253 420 0.944824 2 
14 126 257 250 420 0.947754 2 
15 130 258 251 420 0.950195 2 
16 132 258 253 420 0.94873 2 
17 132 258 255 420 0.950195 2 
18 136 258 257 420 0.94873 2 
19 137 262 257 427 0.937012 2 
20 139 262 264 429 0.942383 2 
21 142 262 267 427 0.939453 2 
22 142 260 266 426 0.951172 2 
23 142 258 267 421 0.949707 2 
24 140 258 265 422 0.95166 2 
24 591 489 640 640 0.490967 2 
25 147 259 269 421 0.948242 2 
25 594 535 639 637 0.368408 2 
26 147 258 267 420 0.948242 2 
27 147 258 268 420 0.950195 2 
28 147 259 272 423 0.944336 2 
29 145 259 271 424 0.945312 2 
30 143 258 267 424 0.950684 2 
31 141 257 265 424 0.952637 2 
32 144 259 265 425 0.954102 2 
33 143 259 266 423 0.95166 2 
33 568 599 639 637 0.276611 0 
34 144 260 265 424 0.951172 2 
35 144 260 267 424 0.949219 2 
36 145 260 266 424 0.952148 2 
37 149 263 270 428 0.949219 2 
38 149 264 268 430 0.95459 2 
38 579 519 639 635 0.259521 0 
39 149 262 266 429 0.95459 2 
40 147 262 265 429 0.955078 2 
41 147 262 265 429 0.953125 2 
41 616 498 639 639 0.495605 2 
42 144 260 264 428 0.949707 2 
42 620 496 640 634 0.37793 0 
42 620 471 640 618 0.263916 2 
43 141 259 264 426 0.947754 2 
43 581 604 640 638 0.277588 2 
44 138 257 260 426 0.943359 2 
44 581 598 639 638 0.527832 2 
45 136 257 250 426 0.932129 2 
45 562 582 640 638 0.27124 2 
46 134 257 249 427 0.929688 2 
46 539 515 633 636 0.73291 0 
47 135 259 249 429 0.931641 2 
47 554 605 640 638 0.67041 0 
48 136 259 253 428 0.946289 2 
48 579 609 640 639 0.654785 0 
49 140 262 262 426 0.943848 2 
49 541 535 637 638 0.714844 0 
50 149 261 266 431 0.946289 2 
50 544 515 637 639 0.67627 0 
51 155 263 274 430 0.927246 2 
51 550 525 635 639 0.375732 0 
52 154 264 271 428 0.943848 2 
52 542 528 636 638 0.75293 0 
53 147 258 259 424 0.916992 2 
53 518 493 637 637 0.677734 0 
54 153 259 274 426 0.924805 2 
54 560 485 640 640 0.631836 2 
55 167 264 284 431 0.930664 2 
55 590 512 640 638 0.530273 2 
56 171 269 288 433 0.904297 2 
56 597 526 640 639 0.705078 2 
57 171 272 289 438 0.937988 2 
58 170 272 290 437 0.939453 2 
59 171 273 291 439 0.942871 2 
60 169 273 289 437 0.942383 2 
61 168 272 288 437 0.941406 2 
62 168 273 286 438 0.942383 2 
63 168 275 287 439 0.949707 2 
64 171 276 287 442 0.944336 2 
65 173 277 290 444 0.949707 2 
66 171 277 291 442 0.949707 2 
67 176 277 295 443 0.951172 2 
68 181 278 300 446 0.951172 2 
69 183 277 302 441 0.937012 2 
