1 67 261 179 424 0.945801 2 
1 574 229 640 360 0.869629 2 
2 66 261 183 424 0.946777 2 
2 576 234 640 362 0.873535 2 
3 61 263 182 427 0.936035 2 
3 564 229 640 368 0.916016 2 
4 62 264 180 424 0.9375 2 
4 557 232 640 377 0.899902 2 
5 62 266 178 424 0.939453 2 
5 559 235 639 376 0.887695 2 
6 62 267 178 426 0.937988 2 
6 550 239 639 378 0.787598 2 
7 538 235 635 386 0.943848 2 
7 58 266 184 428 0.929688 2 
8 59 269 184 429 0.938965 2 
8 523 241 640 394 0.936035 2 
9 62 269 180 430 0.943359 2 
9 522 243 636 402 0.891113 2 
10 521 244 635 412 0.943848 2 
10 65 270 182 432 0.921875 2 
11 517 249 634 415 0.948242 2 
11 66 271 178 433 0.936035 2 
12 514 251 633 414 0.949219 2 
12 67 273 179 433 0.927734 2 
13 70 275 185 436 0.944824 2 
13 506 256 627 414 0.940918 2 
14 73 276 189 438 0.956055 2 
14 493 259 615 413 0.94873 2 
15 76 278 189 438 0.954102 2 
15 469 264 608 418 0.914062 2 
16 79 280 193 437 0.958496 2 
16 457 268 591 423 0.933105 2 
17 82 282 195 439 0.959961 2 
17 447 272 578 423 0.935059 2 
18 88 284 196 442 0.957031 2 
18 442 274 567 427 0.938965 2 
19 87 286 198 447 0.961426 2 
19 428 276 552 429 0.930664 2 
20 86 288 197 453 0.962402 2 
20 402 277 544 433 0.937012 2 
21 85 290 196 461 0.961426 2 
21 389 281 545 446 0.902832 2 
22 85 291 195 465 0.960449 2 
22 382 285 530 453 0.913574 2 
23 83 294 193 465 0.959961 2 
23 379 289 511 459 0.930664 2 
24 80 295 187 463 0.956543 2 
24 382 292 500 458 0.943848 2 
25 376 295 487 460 0.953613 2 
25 76 297 185 464 0.949707 2 
26 75 297 191 462 0.955566 2 
26 366 297 477 458 0.946289 2 
27 69 296 192 460 0.946777 2 
27 332 299 465 458 0.930176 2 
28 55 293 181 458 0.948242 2 
28 311 303 441 457 0.925293 2 
29 306 300 424 455 0.949219 2 
29 53 290 180 450 0.941406 2 
30 308 297 420 455 0.958984 2 
30 63 283 186 451 0.952148 2 
31 70 276 195 447 0.95459 2 
31 296 291 420 454 0.946777 2 
32 77 271 201 440 0.951172 2 
32 283 292 422 465 0.921387 2 
33 84 269 202 440 0.957031 2 
33 279 299 428 472 0.905762 2 
34 89 266 208 438 0.955078 2 
34 277 303 431 479 0.929199 2 
35 96 267 211 436 0.947754 2 
35 277 306 428 487 0.933594 2 
36 285 313 411 486 0.950684 2 
36 99 268 211 440 0.944824 2 
37 102 272 216 444 0.959961 2 
37 274 322 405 489 0.935547 2 
38 107 274 219 447 0.961426 2 
38 267 337 400 498 0.943848 2 
39 109 276 220 449 0.960938 2 
39 263 343 393 500 0.947754 2 
40 109 277 223 450 0.963867 2 
40 245 350 387 511 0.928223 2 
41 110 276 223 449 0.962402 2 
41 239 357 373 517 0.930176 2 
42 111 273 222 445 0.95459 2 
42 231 364 366 506 0.939941 2 
43 217 362 369 502 0.92041 2 
43 109 263 218 435 0.90918 2 
44 123 270 228 441 0.933105 2 
44 228 378 392 508 0.811523 2 
45 120 277 232 448 0.935059 2 
45 204 390 382 518 0.635742 2 
46 122 278 234 452 0.909668 2 
46 190 394 381 547 0.641602 2 
47 121 279 235 454 0.906738 2 
47 190 409 375 566 0.694824 2 
48 146 279 236 446 0.850586 2 
48 115 281 196 451 0.838379 2 
48 189 412 365 564 0.725586 2 
49 115 280 230 446 0.904297 2 
49 184 419 354 562 0.763672 2 
50 144 269 229 439 0.878906 2 
50 194 411 356 568 0.839355 2 
50 107 272 197 439 0.833496 2 
51 109 263 226 435 0.916016 2 
51 194 414 358 592 0.803711 2 
51 184 418 366 598 0.452393 0 
52 106 257 223 430 0.947266 2 
52 195 423 365 610 0.831055 2 
53 108 252 222 426 0.939453 2 
53 191 439 371 617 0.575195 2 
53 192 444 373 617 0.445312 0 
54 112 252 223 422 0.922852 2 
54 180 447 393 623 0.514648 0 
54 190 450 379 622 0.435791 2 
55 116 251 227 421 0.914062 2 
55 206 464 406 624 0.768066 0 
55 224 461 401 621 0.515625 2 
56 119 250 233 424 0.936523 2 
56 216 477 414 629 0.857422 0 
57 123 253 236 423 0.883789 2 
57 224 486 434 640 0.723145 0 
58 122 253 235 415 0.892578 2 
58 222 509 439 640 0.601562 0 
59 118 253 239 420 0.94043 2 
59 235 519 450 640 0.468262 0 
60 116 253 239 421 0.935059 2 
60 250 532 474 640 0.445801 0 
61 115 254 239 415 0.945801 2 
61 264 534 492 640 0.346191 0 
62 114 253 242 419 0.942383 2 
62 297 546 503 640 0.621582 0 
63 112 251 237 418 0.947266 2 
63 331 550 518 640 0.415283 0 
64 106 249 232 418 0.947754 2 
64 335 561 523 640 0.28125 0 
65 104 248 228 414 0.95166 2 
65 370 571 558 640 0.64209 0 
66 100 248 225 416 0.95166 2 
66 401 579 581 640 0.626465 0 
67 98 246 226 415 0.949219 2 
67 423 588 604 640 0.325684 0 
68 96 247 227 417 0.946777 2 
68 446 595 618 640 0.38208 0 
69 94 248 227 416 0.941895 2 
69 474 603 633 639 0.460938 0 
70 94 248 220 418 0.947754 2 
70 525 611 640 639 0.369141 0 
71 96 249 218 422 0.951172 2 
71 529 612 640 639 0.310547 0 
72 95 248 218 417 0.94873 2 
72 542 612 640 639 0.287354 0 
73 99 249 220 416 0.945801 2 
74 99 249 220 415 0.944824 2 
75 97 247 216 417 0.951172 2 
76 95 248 216 420 0.950195 2 
77 94 253 213 423 0.939941 2 
78 97 249 218 417 0.950684 2 
79 102 250 220 415 0.950684 2 
80 110 250 225 417 0.960938 2 
81 116 249 231 416 0.962402 2 
82 118 252 227 417 0.960938 2 
83 118 252 229 418 0.961426 2 
84 118 250 228 419 0.962402 2 
85 114 255 225 420 0.962402 2 
86 115 251 227 419 0.964844 2 
87 115 250 226 419 0.962402 2 
88 114 250 225 419 0.962402 2 
89 111 249 225 420 0.961426 2 
90 117 249 226 418 0.960938 2 
91 110 249 226 422 0.961426 2 
92 109 245 225 418 0.962402 2 
93 109 247 226 420 0.962402 2 
94 104 249 224 421 0.957031 2 
95 103 248 227 417 0.952148 2 
96 104 250 230 416 0.948242 2 
97 102 251 231 416 0.946289 2 
98 108 249 236 417 0.94873 2 
99 112 247 237 414 0.94873 2 
