1 210 266 336 443 0.935547 2 
1 284 243 359 425 0.875488 2 
2 208 271 327 445 0.958008 2 
2 275 247 351 413 0.900879 2 
3 208 272 323 446 0.960449 2 
3 263 247 344 411 0.902832 2 
4 208 272 319 448 0.952637 2 
4 255 248 340 414 0.90625 2 
5 196 272 324 447 0.935059 2 
5 247 251 337 414 0.892578 2 
6 181 262 322 448 0.867676 2 
6 248 255 340 423 0.630371 2 
7 184 259 327 449 0.926758 2 
8 192 266 329 451 0.943359 2 
9 198 267 335 451 0.934082 2 
10 186 264 342 450 0.89209 2 
11 165 262 332 452 0.870605 2 
12 164 261 335 452 0.849609 2 
13 193 264 332 451 0.916504 2 
13 190 256 272 418 0.439453 2 
14 204 275 331 453 0.94873 2 
14 193 250 279 419 0.777832 2 
15 201 265 339 453 0.93457 2 
16 200 269 338 454 0.943848 2 
16 188 249 289 411 0.322998 2 
17 199 261 336 456 0.94873 2 
18 205 262 338 456 0.950195 2 
18 188 250 286 414 0.360107 2 
19 205 259 337 457 0.952637 2 
20 204 263 338 457 0.945312 2 
20 189 251 275 423 0.366699 2 
21 204 272 335 459 0.940918 2 
21 191 258 273 417 0.708496 2 
22 204 272 337 459 0.936035 2 
22 194 258 271 422 0.6875 2 
23 204 271 333 459 0.947266 2 
23 193 260 269 415 0.775879 2 
24 203 276 337 460 0.9375 2 
24 195 259 274 414 0.794922 2 
25 204 278 335 460 0.942871 2 
25 197 260 281 415 0.783203 2 
26 203 279 334 458 0.932617 2 
26 199 259 282 420 0.752441 2 
27 201 279 334 459 0.92627 2 
27 194 258 280 417 0.578125 2 
28 203 282 336 459 0.925781 2 
28 196 254 285 429 0.62793 2 
29 206 280 334 459 0.931152 2 
29 201 259 280 416 0.80957 2 
30 206 283 334 460 0.928711 2 
30 199 260 280 416 0.864746 2 
31 210 282 339 461 0.922852 2 
31 201 261 281 412 0.878418 2 
32 221 284 348 462 0.929688 2 
32 204 262 284 405 0.88916 2 
33 221 282 350 461 0.922852 2 
33 202 261 282 408 0.876953 2 
34 220 282 347 461 0.919922 2 
34 202 262 286 406 0.849121 2 
35 209 275 343 460 0.920898 2 
35 203 262 293 411 0.768066 2 
36 214 280 348 461 0.898926 2 
36 200 263 297 418 0.642578 2 
37 192 267 356 459 0.894531 2 
38 195 266 363 454 0.881836 2 
39 198 268 364 453 0.860352 2 
40 198 267 372 454 0.841309 2 
41 195 266 372 454 0.844238 2 
42 194 264 368 451 0.839844 2 
43 210 264 365 452 0.900879 2 
44 220 266 356 455 0.933594 2 
44 205 272 288 435 0.282227 2 
45 217 271 351 454 0.931641 2 
45 203 266 292 411 0.728027 2 
46 221 277 345 456 0.930176 2 
46 199 262 293 414 0.854004 2 
47 225 275 344 456 0.933594 2 
47 198 261 289 412 0.877441 2 
48 225 280 344 455 0.931641 2 
48 197 257 281 409 0.896973 2 
49 222 285 350 457 0.9375 2 
49 192 258 277 412 0.896484 2 
50 221 283 353 457 0.932617 2 
50 193 255 279 413 0.885742 2 
51 224 284 353 456 0.938477 2 
51 189 254 280 417 0.897461 2 
52 221 286 352 459 0.934082 2 
52 189 255 277 419 0.894531 2 
53 208 283 350 459 0.927246 2 
53 187 254 275 418 0.893066 2 
54 216 284 356 457 0.924316 2 
54 187 253 276 413 0.895508 2 
55 222 284 363 455 0.921875 2 
55 184 252 274 412 0.908691 2 
56 180 253 270 419 0.887207 2 
56 219 284 371 455 0.87793 2 
57 181 253 271 419 0.899902 2 
57 225 281 375 457 0.881836 2 
58 180 252 273 412 0.92041 2 
58 227 278 376 458 0.896973 2 
59 175 252 271 413 0.929688 2 
59 231 279 374 458 0.924805 2 
60 239 278 372 456 0.94043 2 
60 178 253 283 414 0.933594 2 
61 248 276 377 454 0.947266 2 
61 176 251 282 411 0.936035 2 
62 250 276 383 453 0.949219 2 
62 171 253 284 411 0.946777 2 
63 259 279 380 450 0.960938 2 
63 173 252 281 413 0.956055 2 
64 260 285 378 449 0.959473 2 
64 170 253 280 415 0.954102 2 
65 263 290 386 452 0.952148 2 
65 166 255 276 419 0.947266 2 
66 285 290 391 452 0.960449 2 
66 160 256 273 420 0.947266 2 
67 294 290 396 453 0.952637 2 
67 160 259 273 426 0.942383 2 
68 157 260 271 426 0.954102 2 
68 294 288 400 453 0.953125 2 
69 154 261 267 425 0.958496 2 
69 284 284 414 450 0.942383 2 
70 149 264 264 431 0.959961 2 
70 285 280 420 446 0.944336 2 
71 298 279 418 445 0.958984 2 
71 146 269 260 430 0.956055 2 
72 309 278 413 444 0.958008 2 
72 140 268 255 429 0.95459 2 
73 313 278 422 434 0.942871 2 
73 136 267 252 429 0.941406 2 
74 131 268 246 428 0.937988 2 
74 313 276 444 424 0.932617 2 
75 125 271 244 430 0.94873 2 
75 317 270 459 421 0.929199 2 
76 116 271 241 419 0.946777 2 
76 329 269 474 419 0.92334 2 
77 105 275 234 430 0.943359 2 
77 348 263 495 420 0.916992 2 
78 108 275 230 430 0.949707 2 
78 365 258 509 413 0.913574 2 
79 103 272 223 427 0.932617 2 
79 394 252 531 410 0.928223 2 
80 416 246 539 410 0.955078 2 
80 95 270 218 428 0.928223 2 
81 428 245 537 407 0.95459 2 
81 88 271 210 430 0.944336 2 
82 427 244 540 407 0.956055 2 
82 86 275 200 430 0.954102 2 
83 85 274 199 430 0.95752 2 
83 429 244 556 407 0.952148 2 
84 86 274 199 430 0.958984 2 
84 425 240 587 395 0.880859 2 
85 86 273 197 431 0.959961 2 
85 443 237 601 391 0.905273 2 
86 84 274 197 432 0.960449 2 
86 449 240 610 383 0.893555 2 
87 83 273 195 430 0.961914 2 
87 452 241 606 383 0.896973 2 
88 84 274 194 431 0.961426 2 
88 460 238 610 376 0.851074 2 
89 86 274 194 433 0.962891 2 
89 479 234 616 373 0.894043 2 
90 86 274 195 434 0.964844 2 
90 500 230 629 374 0.897461 2 
91 87 273 194 432 0.960449 2 
91 537 228 635 376 0.95459 2 
92 86 270 193 431 0.95752 2 
92 541 227 637 375 0.948242 2 
93 85 270 193 431 0.957031 2 
93 540 228 636 377 0.918945 2 
94 84 267 194 431 0.955566 2 
94 546 226 638 370 0.892578 2 
95 84 267 193 428 0.950684 2 
95 569 224 640 369 0.921875 2 
96 82 266 190 428 0.945801 2 
96 586 218 640 367 0.92334 2 
97 75 264 187 428 0.943848 2 
97 591 221 640 371 0.879395 2 
98 72 262 184 426 0.94873 2 
98 585 219 640 371 0.890625 2 
99 69 261 181 425 0.948242 2 
99 579 220 640 372 0.868164 2 
